0 10 55 78 93 79 48 49 76 11
10 0 77 46 64 86 37 8 29 35
55 77 0 79 9 82 13 54 80 84
78 46 79 0 34 29 9 35 98 91
93 64 9 34 0 74 83 44 67 68
79 86 82 29 74 0 42 98 85 8
48 37 13 9 83 42 0 84 5 2
49 8 54 35 44 98 84 0 98 28
76 29 80 98 67 85 5 98 0 48
11 35 84 91 68 8 2 28 48 0
